5.988418827403207967e-01 5.629983118880197424e-01 3.434992240845019529e-01 2.480084920606666632e-01 1.498736690599996590e-01 3.116737304432402045e-01 7.580911882558497572e-01 6.830718964902127155e-02 1.274884181599902355e-01 6.544822375324991226e-01 2.763644503675163344e-01 1.423183004393736573e-01 2.048466219163197488e-01 7.688004005998545498e-01 1.038516815185508424e-02 5.557520858043721868e-01 8.904738694660596643e-01 9.703321235504963616e-01 2.959577877741620400e-01 2.197516501258826027e-01
9.341816913695277780e-01 4.907233341228292023e-01 3.819350821342397673e-01 8.088545831257920593e-02 1.333159719537732046e-01 7.936196380106754766e-01 5.189487593841506374e-01 2.202099571540737655e-01 5.360039302744671330e-01 9.627555572916761673e-01 6.528684357452533282e-01 1.189464771714836555e-01 8.510773561287601208e-01 7.097618153468807645e-01 6.785631749859087902e-01 2.903142038634133337e-01 9.108077746774100314e-01 3.105208941276755841e-01 2.847696585232381006e-01 1.127300712681312822e-01
7.426324883693318224e-01 7.995784193929204031e-01 7.625762602804966317e-01 5.392267952390991104e-01 9.678816553710725135e-01 3.033781263329474731e-01 3.098013974262284753e-01 2.920531424190971892e-01 6.145158319683041714e-02 1.265433995224638508e-01 5.686752644339608809e-01 8.377621044238957593e-01 1.897121804357713160e-01 7.544143488308695522e-01 8.460830947977751038e-01 6.832565031755468699e-01 5.019684004909203967e-01 7.088760902629749339e-01 2.948095434140096671e-03 4.316998737085874227e-01
9.870724322275458151e-01 4.003167006512947657e-01 3.964580652548900241e-01 4.040664771530170229e-01 8.361012491240681355e-01 1.096998945415939009e-02 6.574494956244195665e-01 5.755912465743914241e-01 7.413647299271317603e-01 6.282273310585050341e-01 7.432636294800165633e-02 7.103187315122020395e-01 1.119189904608903774e-01 9.999494694134246631e-01 9.285123769285278383e-01 3.416067405534888302e-01 7.205791215798279525e-01 7.968807669311191999e-01 3.323615530075151314e-01 5.144236069889926988e-01
9.523240786807907199e-02 2.449999451759427016e-01 3.328354777786750596e-01 3.564248399940533885e-01 6.829290108977158491e-01 3.912714361582544376e-01 1.649432396228610598e-01 7.301069664985018193e-01 2.437695670787560775e-01 6.027920789690133230e-02 2.563339888379303488e-01 4.292823735962941756e-01 5.269974912008118517e-01 4.912854846919619822e-01 3.472643892968699797e-01 5.745442556852681237e-01 9.869364796662497552e-01 7.322402402948237077e-01 6.267800739197270099e-01 1.050102901627084639e-01
6.828980845861599702e-01 5.612763351184377747e-01 4.859477742423805591e-01 3.293427835926010516e-03 1.781266751655504743e-01 8.387819826153533054e-01 7.213303994485765758e-01 4.345459153218718118e-01 1.374834510556595113e-01 7.029369455034266689e-01 5.440136485296460656e-01 7.961483601074917926e-01 9.119488241031463716e-01 2.579500168488207956e-01 9.842260647829019771e-01 5.269295035502633562e-01 7.631522633228035035e-01 4.511947452829084826e-01 5.918896223577208016e-02 8.345639633960671988e-01
6.668073985748164123e-01 7.605371181532571967e-02 5.517838874791226589e-01 1.685123888014651294e-01 4.987744472952456709e-01 2.630577161555971433e-01 1.369938342916924290e-01 6.527119533779047744e-01 6.981245675134510886e-01 7.035079162400822428e-01 3.739353885619459694e-01 6.979092519733208766e-01 1.955832882235053471e-02 7.772103211769620934e-02 6.487960150452656283e-01 3.178703215210090249e-01 2.627516733405429461e-01 7.108541721626016052e-01 5.863775999511322556e-01 4.249513696387141604e-02
4.132030548979159779e-02 9.068474478058751176e-01 1.429473282427226044e-01 9.512414895318741515e-01 4.043187420487386330e-01 1.289880619560337394e-01 6.265660117893478986e-01 1.145597655807299997e-01 7.166115830932550113e-01 7.775269081857860698e-01 6.512383950170431701e-01 6.378709881769797363e-01 1.887722537681447710e-01 4.119793951385049002e-01 2.546954668949364953e-01 5.756600811639319693e-01 7.369635827575709008e-01 4.330545055252902342e-01 7.840432546011310011e-01 2.803908271237144367e-01
2.234553346374580363e-01 3.470562267313108684e-01 4.059858634647282027e-01 3.013083215289872330e-01 5.220854242805799128e-01 8.769942090449169836e-01 6.646346666101675682e-01 3.561655124226292823e-01 4.595210357696823955e-01 7.362596391525925155e-01 7.969644086034950448e-01 5.148664091525027020e-01 4.000970666204262116e-01 8.708787017877382963e-01 6.627041205201401608e-01 4.233941177989596349e-01 4.177229810066835913e-01 1.067098956077400240e-01 9.903076986440237928e-01 1.347441359691287088e-01
5.462904958671059852e-01 5.840149038825054317e-01 3.937328449850288070e-01 8.454420580437908006e-01 8.968943678637828487e-01 8.664591424127177088e-01 2.284591269422321380e-01 9.702016342254697889e-01 2.535206349150309624e-01 2.063853840442221310e-01 3.590845588939280963e-01 4.263977324141940972e-01 6.065374393638645056e-02 5.965675041746500984e-01 9.493230070071027038e-01 6.458598041696720360e-01 3.831426554609965729e-01 4.937690605106057617e-01 4.041767400919621389e-01 7.999036471094693734e-01
9.265734654837068929e-01 7.945237615410379872e-01 9.613915561896566597e-01 7.223546023862797982e-01 4.800133653038242132e-01 1.275736199034058771e-01 2.886510289386855499e-01 3.540868783906925277e-01 6.294952692342618006e-01 1.547426367496396171e-02 8.246749777591877439e-01 1.995553110388654794e-01 3.371561294170301037e-01 2.162321676876055587e-02 8.641060080106178765e-01 7.831272062794013555e-01 5.366200605272694046e-01 2.857563175635502439e-02 1.945474843414841670e-01 1.915629909937719422e-01
8.452336637747156489e-01 9.804043320742273915e-01 4.219867535289656413e-02 6.547857450367163823e-01 5.033643104717032690e-01 2.382907400234762774e-01 9.451719720750353382e-01 4.938212869717402143e-01 9.093049462525806259e-01 3.651523025690810442e-01 3.287951066906130704e-01 3.801818164779482423e-01 7.520513554177025162e-01 4.862747087655094891e-02 1.269807184695092017e-01 4.005117909003099719e-01 5.673328922657103757e-01 9.645651583856218458e-02 1.321432973963242441e-01 7.355792919886005032e-01
6.618051795557360339e-01 7.480653553697805824e-01 5.111349033208724135e-01 3.781062692747380050e-01 8.218194143202328661e-02 1.379403342064222660e-01 1.084793317405596813e-02 5.246694913071054955e-01 8.892214906251361128e-02 5.223024108502669627e-01 4.877513589590160015e-01 9.418457238793572772e-01 2.499626990542688221e-01 4.215408261306955451e-01 4.611671582661902580e-02 1.389846172630609944e-01 6.340173115261265036e-01 3.726154249714315192e-01 2.684438125945245446e-01 6.306075802199376801e-01
9.500219990967797568e-01 3.701696330513863931e-01 1.600338017705944527e-01 6.259644067512160071e-01 1.174076818662738164e-01 4.637501378893672532e-01 3.849229097905836339e-01 7.567984663040397963e-01 4.502155046331036692e-01 1.580273330567443235e-01 7.693273145336141372e-01 9.660494901724592243e-01 5.918450877364511697e-01 9.720173244859405814e-01 5.237568625002497757e-02 5.087030757459845010e-01 4.070376515658186145e-01 9.932373297845602522e-01 1.766417408562667157e-01 2.671151920782932621e-01
2.995514681189719308e-01 9.772900399397518312e-01 3.607155020532614165e-01 1.593572817967151556e-01 6.380097944525033871e-01 7.554778001430919598e-01 9.298404282178300839e-01 7.206355744123711382e-01 6.321569155885020663e-01 5.599968653578242250e-01 2.173754711001290030e-01 9.755583402600217502e-01 3.962142193655591171e-01 6.389427260300374334e-01 5.853421353380061642e-02 4.057950577699620531e-01 3.517249969341984528e-02 5.921530063377907771e-01 5.319515556326345207e-01 9.375616811518402427e-01
1.131040180357886227e-01 9.989264782854511138e-01 4.783406316063395503e-01 9.412169771355012315e-01 4.050748564642615568e-01 9.033729779383019576e-01 2.593806528742849116e-01 5.474240369619715052e-01 7.071466549360080345e-01 1.082662136229466388e-01 8.980006605451060775e-01 6.297230255966839163e-01 6.640701512851541199e-01 5.711798910331833401e-01 8.997193510875969302e-01 5.324898875307183532e-01 1.858111485153186582e-01 4.138852331228018988e-01 8.498315120927951716e-01 6.913287020517402404e-01
6.545590046725494604e-01 5.892304826676532103e-01 7.069258718984270384e-01 5.868324838170790869e-04 4.289284992911940320e-01 1.562149059684071473e-01 1.194060230781807119e-01 4.006573811402730501e-01 8.887167604728457571e-01 4.990289884844147927e-01 9.080312447403380283e-01 6.419906593687237928e-01 4.640139580908131389e-01 4.319151499695883523e-02 4.533459605198428832e-01 4.539713893940454659e-01 4.943244133361892612e-01 3.324254231071774868e-01 2.122601213512139706e-01 5.138546133673035365e-01
7.424616038792626327e-01 4.567146657754490580e-01 3.841827236480701568e-01 7.266606262748123157e-01 5.794103765777137705e-01 2.003602145551721669e-01 2.220794322850083713e-01 1.819135938289625498e-01 7.222397008893859383e-01 9.809643566226045053e-03 9.914007362274563917e-01 5.548027567953621730e-01 9.136684255685791900e-01 1.174383127564639917e-01 8.160684060127854078e-02 9.851224211796971719e-02 6.019893388244343946e-01 1.107469111800750694e-01 2.531872257036454910e-01 8.113901065211149843e-01
2.318399514119282578e-01 8.697472430078208028e-01 1.329004151550181589e-01 8.056862260538126819e-01 4.448150871921796590e-02 7.520135687560496329e-01 1.402693132817077748e-01 7.415807362567535810e-01 1.206294131572830386e-01 6.874767589360245568e-01 9.033331961885285866e-01 5.796032457966204809e-02 1.241976952157441971e-02 1.619128304429195975e-01 8.845367632896501409e-01 9.073510570285163723e-01 2.969041671351412282e-01 9.590042426080165328e-01 7.803727169432961297e-01 2.733657698455819185e-01
5.860307794812247284e-01 9.836660079221810626e-01 6.816213092719731748e-01 5.873401648373209882e-01 3.044976339867832005e-01 1.555328298640276108e-01 7.438676897844948011e-01 1.447624315874018741e-01 3.983076024899119272e-01 2.878354186355214228e-02 4.887791554224176771e-01 6.661312808489758819e-01 6.163389692334566572e-01 2.790754635633054814e-01 5.823833054472509207e-01 3.970451227275860751e-01 2.390301266290993931e-01 7.019581934086694952e-01 9.320165778111570987e-01 4.620403911910250239e-01
