0.0
0.0
0.0
0.0
0.0
0.0
0.0
0.0
0.0
0.0
0.0
0.0
0.0
0.0
0.0
0.0
0.0
0.0
0.0
0.0
0.0
0.0
0.0
0.0
0.0
0.0
0.0
0.0
0.0
0.0
0.0
0.0
0.0
0.0
0.0
0.0
0.0
0.0
0.0
0.0
0.0
0.0
0.0
0.0
0.0
0.0
0.0
0.0
0.0
0.0
-223.267166859
-641.770361315
-473.741801024
242.229694283
490.058621634
-59.2550594542
-628.472462984
754.70215061
729.128617783
-482.26847109
307.375829528
325.77336952
560.734955618
829.571704854
-938.817643196
-86.0182881242
566.826309954
121.805851697
651.71074207
551.45168863
-330.913303296
-257.607446994
37.6873771057
389.860737597
-295.737465685
-553.676910505
118.926139506
119.888777
625.895264846
167.811144406
886.099174035
-463.775847358
-488.080267873
827.849580191
978.596161165
397.231006535
-686.304684187
-290.967088137
516.246223438
262.548990115
149.16019996
44.4168611427
692.626479047
-286.314912705
-830.20266422
-694.78339437
-156.927792352
-319.764026187
781.578563412
-362.428976715
-47.6284306379
719.835752563
250.097780937
-795.844232969
305.665833664
731.750430144
-71.0747088704
-248.158131871
644.342845047
583.509902696
-708.904723333
2.87852304553
112.650172349
-218.759486002
515.715259183
547.247107319
-685.464027996
751.427513854
233.976543913
989.59196824
531.156103825
-166.827479802
-391.233151773
-580.999877591
-491.395644152
-269.338584732
-326.797960771
-785.956104573
134.063420841
436.492925008
-183.879447882
-770.483694866
-298.205036958
554.128180525
460.674879489
-455.033429057
537.904757182
214.883047935
427.631054452
-598.19954245
319.016951247
-830.201320639
-360.488678106
75.0895758115
393.011762553
239.68012189
-625.55944415
-499.809769829
-595.551748053
-123.323163714
0.0
0.0
0.0
0.0
0.0
0.0
0.0
0.0
0.0
0.0
0.0
0.0
0.0
0.0
0.0
0.0
0.0
0.0
0.0
0.0
0.0
0.0
0.0
0.0
0.0
0.0
0.0
0.0
0.0
0.0
0.0
0.0
0.0
0.0
0.0
0.0
0.0
0.0
0.0
0.0
0.0
0.0
0.0
0.0
0.0
0.0
0.0
0.0
0.0
0.0
